1191
1164
1220
1217
1186
1142
1190
1214
1173
1167
1208
1190
1238
1241
1236
1206
1210
1245
1247
1183
1205
1194
1163
1208
1175
1243
1230
1194
1262
1225
1180
1195
1142
1183
1133
1185
1220
1294
1178
1141
1208
1172
1196
1303
1217
1218
1182
1261
1148
1135
1158
1249
1200
1194
1192
1192
1178
1231
1187
1271
1139
1221
1207
1158
1245
1227
1217
1238
1252
1173
1284
1191
1240
1201
1247
1151
1210
1208
1162
1246
1248
1254
1206
1233
1256
1251
1239
1243
1213
1177
1186
1222
1197
1248
1157
1187
1147
1187
1185
1247
1171
1205
1221
1184
1214
1252
1230
1216
1177
1166
1288
1196
1292
1157
1165
1182
1158
1195
1211
1161
1183
1205
1154
1205
1154
1160
1141
1207
1248
1221
1176
1239
1190
1184
1162
1208
1214
1213
1250
1155
1213
1151
1220
1145
1236
1175
1204
1182
1258
1197
1177
1217
1216
1166
1171
1202
1122
1244
1134
1218
1233
1183
1183
1165
1146
1217
1205
1247
1155
1181
1118
1228
1228
1205
1221
1204
1173
1208
1200
1244
1228
1195
1172
1184
1165
1281
1216
1250
1227
1214
1252
1200
1151
1203
1206
1178
1142
1146
1158
1166
1222
1146
1251
1171
1175
1200
1199
1152
1144
1151
1189
1135
1182
1174
1220
1256
1176
1180
1176
1243
1208
1169
1188
1197
1164
1192
1175
1261
1152
1218
1179
1255
1194
1236
1149
1181
1225
1158
1260
1201
1128
1197
1161
1230
1217
1221
1240
1192
1199
1181
1203
1202
1213
1210
1241
1215
